8589597927
    1 1 1   

    0 0 1  

1 1 0 0 1 1 1 

0 1 1 0 1 0 1

1 1 1 1 1 1 1 

    1 1 1  
 
   1 1 1   
<Ellipse Height="48" Width="48" Margin="319,435,203,87"></Ellipse>
                <Ellipse Height="48" Width="48" Margin="261,435,261,87"></Ellipse>
                <Ellipse Height="48" Width="48" Margin="203,435,319,87"></Ellipse>
                <Ellipse Height="48" Width="48" Margin="319,377,203,145"></Ellipse>
                <Ellipse Height="48" Width="48" Margin="261,377,261,145"></Ellipse>
                <Ellipse Height="48" Width="48" Margin="203,377,319,145"></Ellipse>
                <Ellipse Height="48" Width="48" Margin="435,319,87,203"></Ellipse>
                <Ellipse Height="48" Width="48" Margin="377,319,145,203"></Ellipse>
                <Ellipse Height="48" Width="48" Margin="319,319,203,203"></Ellipse>
                <Ellipse Height="48" Width="48" Margin="261,319,261,203"></Ellipse>
                <Ellipse Height="48" Width="48" Margin="203,319,319,203"></Ellipse>
                <Ellipse Height="48" Width="48" Margin="145,319,377,203"></Ellipse>
                <Ellipse Height="48" Width="48" Margin="87,319,435,203"></Ellipse>
                <Ellipse Height="48" Width="48" Margin="435,261,87,261"></Ellipse>
                <Ellipse Height="48" Width="48" Margin="377,261,145,261"></Ellipse>
                <Ellipse x:Name="c" Height="48" Width="48" Margin="319,261,203,261"></Ellipse>
                <Ellipse Height="48" Width="48"></Ellipse>
                <Ellipse Height="48" Width="48" Margin="203,261,319,261"></Ellipse>
                <Ellipse Height="48" Width="48" Margin="145,261,377,261"></Ellipse>
                <Ellipse Height="48" Width="48" Margin="87,261,435,261"></Ellipse>
                <Ellipse Height="48" Width="48" Margin="435,203,87,319"></Ellipse>
                <Ellipse Height="48" Width="48" Margin="377,203,145,319"></Ellipse>
                <Ellipse Height="48" Width="48" Margin="319,203,203,319"></Ellipse>
                <Ellipse Height="48" Width="48" Margin="261,203,261,319"></Ellipse>
                <Ellipse Height="48" Width="48" Margin="203,203,319,319"></Ellipse>
                <Ellipse Height="48" Width="48" Margin="145,203,377,319"></Ellipse>
                <Ellipse Height="48" Width="48" Margin="87,203,435,319"></Ellipse>
                <Ellipse Height="48" Width="48" Margin="319,145,203,377"></Ellipse>
                <Ellipse Height="48" Width="48" Margin="261,145,261,377"></Ellipse>
                <Ellipse Height="48" Width="48" Margin="203,145,319,377"></Ellipse>
                <Ellipse Height="48" Width="48" Margin="319,87,203,435"></Ellipse>
                <Ellipse Height="48" Width="48" Margin="261,87,261,435"></Ellipse>
                <Ellipse Height="48" Width="48" Margin="203,87,319,435"></Ellipse>


<Path MouseLeftButtonDown="CmdDragMove" Margin="10" Data="M333,425 C319.74518,425 309,435.74518 309,449 309,462.25482 319.74518,473 333,473 346.25482,473 357,462.25482 357,449 357,435.74518 346.25482,425 333,425 z M275,425 C261.74518,425 251,435.74518 251,449 251,462.25482 261.74518,473 275,473 288.25482,473 299,462.25482 299,449 299,435.74518 288.25482,425 275,425 z M217,425 C203.74516,425 193,435.74518 193,449 193,462.25482 203.74516,473 217,473 230.25484,473 241,462.25482 241,449 241,435.74518 230.25484,425 217,425 z M333,367 C319.74518,367 309,377.74518 309,391 309,404.25482 319.74518,415 333,415 346.25482,415 357,404.25482 357,391 357,377.74518 346.25482,367 333,367 z M275,367 C261.74518,367 251,377.74518 251,391 251,404.25482 261.74518,415 275,415 288.25482,415 299,404.25482 299,391 299,377.74518 288.25482,367 275,367 z M217,367 C203.74516,367 193,377.74518 193,391 193,404.25482 203.74516,415 217,415 230.25484,415 241,404.25482 241,391 241,377.74518 230.25484,367 217,367 z M449,309 C435.74518,309 425,319.74518 425,333 425,346.25482 435.74518,357 449,357 462.25482,357 473,346.25482 473,333 473,319.74518 462.25482,309 449,309 z M391,309 C377.74518,309 367,319.74518 367,333 367,346.25482 377.74518,357 391,357 404.25482,357 415,346.25482 415,333 415,319.74518 404.25482,309 391,309 z M333,309 C319.74518,309 309,319.74518 309,333 309,346.25482 319.74518,357 333,357 346.25482,357 357,346.25482 357,333 357,319.74518 346.25482,309 333,309 z M275,309 C261.74518,309 251,319.74518 251,333 251,346.25482 261.74518,357 275,357 288.25482,357 299,346.25482 299,333 299,319.74518 288.25482,309 275,309 z M217,309 C203.74516,309 193,319.74518 193,333 193,346.25482 203.74516,357 217,357 230.25484,357 241,346.25482 241,333 241,319.74518 230.25484,309 217,309 z M159,309 C145.74516,309 135,319.74518 135,333 135,346.25482 145.74516,357 159,357 172.25484,357 183,346.25482 183,333 183,319.74518 172.25484,309 159,309 z M101,309 C87.745163,309 77,319.74518 77,333 77,346.25482 87.745163,357 101,357 114.25484,357 125,346.25482 125,333 125,319.74518 114.25484,309 101,309 z M449,251 C435.74518,251 425,261.74518 425,275 425,288.25482 435.74518,299 449,299 462.25482,299 473,288.25482 473,275 473,261.74518 462.25482,251 449,251 z M391,251 C377.74518,251 367,261.74518 367,275 367,288.25482 377.74518,299 391,299 404.25482,299 415,288.25482 415,275 415,261.74518 404.25482,251 391,251 z M333,251 C319.74518,251 309,261.74518 309,275 309,288.25482 319.74518,299 333,299 346.25482,299 357,288.25482 357,275 357,261.74518 346.25482,251 333,251 z M275,251 C261.74518,251 251,261.74518 251,275 251,288.25482 261.74518,299 275,299 288.25482,299 299,288.25482 299,275 299,261.74518 288.25482,251 275,251 z M217,251 C203.74516,251 193,261.74518 193,275 193,288.25482 203.74516,299 217,299 230.25484,299 241,288.25482 241,275 241,261.74518 230.25484,251 217,251 z M159,251 C145.74516,251 135,261.74518 135,275 135,288.25482 145.74516,299 159,299 172.25484,299 183,288.25482 183,275 183,261.74518 172.25484,251 159,251 z M101,251 C87.745163,251 77,261.74518 77,275 77,288.25482 87.745163,299 101,299 114.25484,299 125,288.25482 125,275 125,261.74518 114.25484,251 101,251 z M449,193 C435.74518,193 425,203.74516 425,217 425,230.25484 435.74518,241 449,241 462.25482,241 473,230.25484 473,217 473,203.74516 462.25482,193 449,193 z M391,193 C377.74518,193 367,203.74516 367,217 367,230.25484 377.74518,241 391,241 404.25482,241 415,230.25484 415,217 415,203.74516 404.25482,193 391,193 z M333,193 C319.74518,193 309,203.74516 309,217 309,230.25484 319.74518,241 333,241 346.25482,241 357,230.25484 357,217 357,203.74516 346.25482,193 333,193 z M275,193 C261.74518,193 251,203.74516 251,217 251,230.25484 261.74518,241 275,241 288.25482,241 299,230.25484 299,217 299,203.74516 288.25482,193 275,193 z M217,193 C203.74516,193 193,203.74516 193,217 193,230.25484 203.74516,241 217,241 230.25484,241 241,230.25484 241,217 241,203.74516 230.25484,193 217,193 z M159,193 C145.74516,193 135,203.74516 135,217 135,230.25484 145.74516,241 159,241 172.25484,241 183,230.25484 183,217 183,203.74516 172.25484,193 159,193 z M101,193 C87.745163,193 77,203.74516 77,217 77,230.25484 87.745163,241 101,241 114.25484,241 125,230.25484 125,217 125,203.74516 114.25484,193 101,193 z M333,135 C319.74518,135 309,145.74516 309,159 309,172.25484 319.74518,183 333,183 346.25482,183 357,172.25484 357,159 357,145.74516 346.25482,135 333,135 z M275,135 C261.74518,135 251,145.74516 251,159 251,172.25484 261.74518,183 275,183 288.25482,183 299,172.25484 299,159 299,145.74516 288.25482,135 275,135 z M217,135 C203.74516,135 193,145.74516 193,159 193,172.25484 203.74516,183 217,183 230.25484,183 241,172.25484 241,159 241,145.74516 230.25484,135 217,135 z M333,77 C319.74518,77 309,87.745163 309,101 309,114.25484 319.74518,125 333,125 346.25482,125 357,114.25484 357,101 357,87.745163 346.25482,77 333,77 z M275,77 C261.74518,77 251,87.745163 251,101 251,114.25484 261.74518,125 275,125 288.25482,125 299,114.25484 299,101 299,87.745163 288.25482,77 275,77 z M217,77 C203.74516,77 193,87.745163 193,101 193,114.25484 203.74516,125 217,125 230.25484,125 241,114.25484 241,101 241,87.745163 230.25484,77 217,77 z M275,0 C426.8783,0 550,123.1217 550,275 550,426.8783 426.8783,550 275,550 123.1217,550 0,426.8783 0,275 0,123.1217 123.1217,0 275,0 z" Stretch="Fill">
            		<Path.Fill>
            			<RadialGradientBrush Opacity="0.9">
            				<GradientStop Color="Black" Offset="0.07"/>
            				<GradientStop Color="#FF0F171F" Offset="0.839"/>
            				<GradientStop Color="#FF2B343D" Offset="0.748"/>
            				<GradientStop Color="#FF506273" Offset="0.813"/>
            				<GradientStop Color="#FF181B1D" Offset="0.874"/>
            				<GradientStop Color="#FF1C3444" Offset="0.965"/>
            				<GradientStop Color="#FF171B20" Offset="0.63"/>
            			</RadialGradientBrush>
            		</Path.Fill>
            	</Path>